[采集线路]
太湖=229.272|257.264|268.181|222.210|239.231|195.237|165.200|252.140|230.100|164.84|122.56|119.152|97.246|86.274|173.254
少林寺=96.140|95.108|67.120|67.148|43.132|44.40|68.61|68.86|95.72|129.76|128.88|125.139
光明殿=97.151|98.109|97.45|80.41|98.31|114.42|157.36|142.61|141.79|156.98|156.156|115.155
丐帮总舵=91.143|44.146|45.37|69.117|112.118|77.62|91.45|120.62|136.78|149.140|110.141
武当山=68.178|47.172|46.131|103.139|76.138|77.101|101.127|99.69
峨嵋山=95.85|144.105|149.153|144.43|95.39|95.62|46.43|38.150
星宿海=96.137|110.140|148.126|145.88|117.111|95.122|44.51|59.140
天龙寺=96.128|96.109|119.126|132.132|133.153|153.151|155.119|135.92|96.88|105.70|122.57|151.56|111.34|51.40|38.80|64.71|63.94|42.132|64.150|72.120|95.107
天山=94.119|44.144|51.114|38.40|68.79|93.81|77.48|73.66|108.40|126.49|116.97|127.68|153.58|152.82|125.92|145.141
凌波洞=48.141|70.152|118.152|147.148|149.123|119.86|159.53|71.56|49.55|50.96|93.124
慕容山庄=29.163|51.160|105.125|105.98|68.124|29.59|88.60|29.29|164.49|158.161
唐家堡=169.134|167.33|115.44|74.40|36.72|44.144|91.151|127.69
鬼谷=79.142|35.134|73.20|95.61|128.37|146.137|96.158
桃花岛=251.181|181.167|161.143|159.114|109.96|158.78|196.92|230.141
